----------------- For Surface: #0
[(1.0, 0.3, -0.8), (1.0, 0.3, -0.6), (0.9, 0.3, -0.5), (0.8, 0.3, -0.5), (0.8, 0.2, -0.7), (0.9, 0.3, -0.8)]
----------------- For Surface: #1
[(-0.8, -0.7, -0.8), (-0.5, -0.7, -0.8), (-0.3, -0.6, -0.6), (-0.3, -0.6, -0.5), (-0.5, -0.6, -0.5)]
----------------- For Surface: #2
[(-0.4, -0.1, -0.6), (-0.4, -0.1, -0.7), (0.0, -0.2, -0.8), (0.2, -0.0, -0.8), (0.2, -0.1, -0.7), (0.1, -0.1, -0.6)]
----------------- For Surface: #3
[(0.9, -0.7, -1.4), (0.4, -0.6, -1.0), (0.3, -0.6, -1.0), (0.3, -0.6, -1.2), (0.5, -0.7, -1.4), (0.8, -0.7, -1.5), (0.9, -0.7, -1.5)]
----------------- For Surface: #4
[(0.5, -0.8, -0.9), (0.4, -0.8, -1.1), (0.4, -0.8, -1.2), (0.6, -0.8, -1.4), (1.1, -0.8, -1.5), (1.3, -0.9, -1.5), (1.3, -0.8, -1.3), (1.2, -0.8, -1.1), (0.8, -0.8, -0.9)]
----------------- For Surface: #5
[(-0.5, -0.8, -1.9), (-0.5, -0.8, -1.1), (-0.6, -0.8, -1.0), (-1.0, -0.8, -1.4), (-1.2, -0.8, -1.8), (-1.0, -0.8, -1.9)]
----------------- For Surface: #6
[(0.2, -0.1, -0.9), (-0.2, -0.1, -1.3), (-0.2, -0.1, -1.4), (0.1, -0.1, -1.4), (0.3, -0.1, -1.2), (0.3, -0.1, -0.9)]
----------------- For Surface: #7
[(-1.7, -0.8, -1.8), (-1.7, -0.8, -1.9), (-1.6, -0.8, -2.0), (-1.4, -0.8, -1.9), (-0.5, -0.7, -0.9), (-0.8, -0.7, -0.9), (-1.0, -0.7, -1.0), (-1.4, -0.8, -1.4)]
----------------- For Surface: #8
[(1.2, -0.1, -1.5), (1.2, -0.1, -1.2), (1.0, -0.1, -0.9), (1.0, -0.1, -1.1), (1.1, -0.1, -1.5)]
----------------- For Surface: #9
[(1.2, -0.4, -1.3), (1.1, -0.4, -0.9), (1.0, -0.3, -0.9), (1.0, -0.3, -1.1), (1.1, -0.3, -1.4), (1.2, -0.3, -1.4)]
----------------- For Surface: #10
[(-0.4, -0.3, -0.8), (-0.5, -0.5, -1.1), (-0.4, -0.4, -1.2), (-0.0, -0.3, -1.2), (-0.2, -0.3, -0.8)]
----------------- For Surface: #11
[(0.6, 0.5, -1.2), (0.5, 0.3, -1.4), (0.5, 0.3, -1.5), (0.6, 0.3, -1.5), (0.8, 0.3, -1.4), (0.7, 0.4, -1.2)]
----------------- For Surface: #12
[(0.4, -0.4, -1.6), (0.6, -0.4, -1.6), (0.7, -0.4, -1.5), (0.7, -0.3, -1.4), (0.4, -0.3, -1.4)]
----------------- For Surface: #13
[(-1.6, -0.4, -1.9), (-1.6, -0.3, -1.6), (-1.7, -0.3, -1.5), (-1.9, -0.3, -1.4), (-2.0, -0.3, -1.4), (-2.0, -0.4, -1.9)]
----------------- For Surface: #14
[(-1.2, -0.3, -1.4), (-1.4, -0.4, -1.9), (-0.8, -0.6, -2.0), (-0.7, -0.6, -2.0), (-0.4, -0.4, -1.9), (-0.4, -0.4, -1.8), (-0.6, -0.3, -1.5), (-0.7, -0.3, -1.4)]
----------------- For Surface: #15
[(0.6, -0.9, -1.9), (1.0, -0.8, -1.5), (0.8, -0.9, -1.4), (0.4, -0.9, -1.6), (0.4, -1.0, -1.8), (0.5, -0.9, -1.9)]
----------------- For Surface: #16
[(-1.0, -0.5, -1.7), (-1.0, -0.5, -1.5), (-1.3, -0.4, -1.5), (-1.4, -0.4, -1.7), (-1.4, -0.4, -1.8)]
----------------- For Surface: #17
[(1.4, -0.9, -2.0), (1.5, -0.9, -1.9), (1.4, -0.9, -1.7), (1.1, -0.9, -1.5), (1.1, -0.9, -1.9)]
----------------- For Surface: #18
[(1.3, 0.2, -1.5), (1.2, 0.0, -1.6), (1.2, 0.1, -1.7), (1.3, 0.1, -1.9), (1.5, 0.1, -1.9), (1.5, 0.1, -1.8), (1.4, 0.2, -1.6)]
----------------- For Surface: #19
[(0.6, 0.4, -1.4), (0.6, 0.4, -1.6), (0.9, 0.3, -1.8), (1.0, 0.3, -1.8), (0.9, 0.5, -1.6), (0.8, 0.5, -1.5)]
----------------- For Surface: #20
[(-1.5, -0.6, -1.8), (-1.5, -0.6, -1.6), (-1.9, -0.6, -1.4), (-1.9, -0.7, -1.7), (-1.7, -0.7, -1.8)]
----------------- For Surface: #21
[(1.0, 1.9, -2.4), (1.6, 1.9, -2.2), (1.5, 1.9, -1.9), (1.1, 1.9, -1.9), (0.8, 1.9, -2.2), (0.8, 1.9, -2.3)]
----------------- For Surface: #22
[(-1.0, -0.4, -2.0), (-1.4, -0.4, -2.0), (-1.1, -0.4, -2.3), (-0.7, -0.4, -2.3)]
----------------- For Surface: #23
[(-0.6, -0.4, -2.2), (-0.6, -0.4, -2.1), (-0.8, -0.5, -2.0), (-1.1, -0.5, -2.0), (-1.1, -0.6, -2.1), (-0.7, -0.4, -2.2)]
----------------- For Surface: #24
[(-1.4, -0.2, -1.9), (-1.5, -0.2, -1.9), (-1.8, -0.2, -2.1), (-2.0, -0.1, -2.3), (-1.6, -0.2, -2.3)]
----------------- For Surface: #25
[(0.3, -0.3, -2.0), (0.2, -0.4, -2.1), (0.2, -0.2, -2.3), (0.5, -0.4, -2.3), (0.5, -0.4, -2.2)]
----------------- For Surface: #26
[(-0.0, -0.3, -2.2), (0.2, -0.1, -2.3), (0.3, -0.1, -2.3), (0.3, -0.2, -2.0), (0.2, -0.2, -2.0)]
----------------- For Surface: #27
[(2.0, -0.0, -2.6), (1.8, 0.0, -2.4), (1.7, 0.1, -2.4), (1.6, -0.0, -2.5), (1.5, 0.0, -2.7), (1.5, 0.1, -2.8), (1.8, -0.0, -2.8), (2.0, -0.1, -2.7)]
----------------- For Surface: #28
[(0.6, -0.3, -2.7), (0.6, -0.3, -2.5), (0.5, -0.3, -2.4), (0.3, -0.2, -2.4), (0.2, -0.3, -2.7), (0.2, -0.3, -2.8), (0.4, -0.3, -2.8)]
----------------- For Surface: #29
[(-0.3, -0.5, -3.0), (-0.2, -0.5, -2.4), (-0.4, -0.5, -2.3), (-0.6, -0.5, -2.4), (-0.9, -0.5, -2.7), (-0.9, -0.5, -2.9), (-0.4, -0.6, -3.0)]
----------------- For Surface: #30
[(1.6, -0.5, -2.5), (1.8, -0.4, -2.6), (1.9, -0.4, -2.6), (2.0, -0.5, -2.5), (2.0, -0.4, -2.4), (1.9, -0.5, -2.3), (1.7, -0.4, -2.4)]
----------------- For Surface: #31
[(1.8, -0.9, -2.5), (1.7, -1.1, -2.4), (1.3, -0.9, -2.4), (1.1, -0.9, -2.7), (1.2, -0.9, -2.8), (1.7, -0.8, -2.7), (1.8, -0.8, -2.6)]
----------------- For Surface: #32
[(1.2, -1.0, -2.4), (0.8, -0.9, -2.7), (0.8, -0.9, -2.8), (1.2, -1.0, -2.8), (1.5, -0.8, -2.7), (1.5, -0.7, -2.6), (1.3, -1.0, -2.4)]
----------------- For Surface: #33
[(0.4, 1.9, -2.4), (0.1, 1.9, -2.7), (0.1, 1.9, -2.8), (0.7, 1.9, -3.0), (0.8, 1.9, -3.0), (1.0, 1.9, -2.8), (1.0, 1.9, -2.7), (0.9, 1.9, -2.4), (0.7, 1.9, -2.3), (0.6, 1.9, -2.3)]
----------------- For Surface: #34
[(-1.2, -0.7, -2.8), (-1.0, -0.6, -2.6), (-1.1, -0.7, -2.5), (-1.2, -0.7, -2.5), (-1.5, -0.7, -2.6), (-1.6, -0.7, -2.7), (-1.6, -0.7, -2.8)]
----------------- For Surface: #35
[(1.1, 1.8, -2.8), (1.7, 1.8, -2.8), (1.3, 1.9, -2.6), (0.9, 1.9, -2.5), (0.7, 1.9, -2.5), (0.7, 1.9, -2.6)]
----------------- For Surface: #36
[(1.8, 1.8, -2.8), (1.5, 1.9, -2.4), (1.1, 1.9, -2.4), (1.1, 1.9, -2.5), (1.5, 1.8, -2.7)]
----------------- For Surface: #37
[(-0.7, -0.5, -2.5), (-0.7, -0.5, -2.4), (-0.8, -0.5, -2.4), (-1.1, -0.6, -2.5), (-1.2, -0.5, -2.6), (-1.3, -0.5, -2.8), (-1.0, -0.5, -2.7)]
----------------- For Surface: #38
[(-0.5, 1.8, -3.4), (-0.4, 1.8, -3.3), (-0.8, 1.8, -2.9), (-1.0, 1.8, -2.9), (-1.1, 1.8, -3.2), (-1.0, 1.8, -3.3)]
----------------- For Surface: #39
[(-0.6, 1.8, -3.1), (-0.4, 1.9, -3.4), (-0.3, 1.9, -3.4), (0.1, 1.8, -3.3), (0.3, 1.8, -3.2), (0.0, 1.9, -2.9), (-0.4, 1.8, -2.9)]
----------------- For Surface: #40
[(0.2, 1.9, -3.1), (0.3, 1.8, -3.3), (0.7, 1.8, -3.3), (0.9, 1.8, -3.2), (0.9, 1.8, -3.1), (0.8, 1.8, -3.0), (0.6, 1.9, -2.9), (0.3, 1.9, -2.9)]
----------------- For Surface: #41
[(1.2, 1.2, -3.2), (1.6, 1.4, -3.2), (1.5, 1.3, -2.9), (1.2, 1.2, -2.9)]
----------------- For Surface: #42
[(2.0, 1.2, -2.9), (1.7, 1.2, -2.9), (1.9, 1.2, -3.0), (2.0, 1.2, -3.0)]
----------------- For Surface: #43
[(0.9, 0.1, -2.9), (0.7, 0.1, -3.0), (0.7, 0.1, -3.2), (1.0, 0.3, -3.3), (1.2, 0.2, -3.3), (1.2, 0.2, -3.2)]
----------------- For Surface: #44
[(-0.5, -0.2, -3.2), (-0.2, -0.3, -3.3), (-0.1, -0.3, -3.3), (0.2, -0.2, -3.2), (0.3, -0.3, -3.1), (0.4, -0.2, -2.9), (0.0, -0.3, -2.9), (-0.2, -0.3, -3.0)]
----------------- For Surface: #45
[(-0.8, -0.6, -3.1), (-1.0, -0.5, -2.9), (-1.3, -0.5, -2.9), (-1.4, -0.5, -3.0), (-1.4, -0.5, -3.2), (-1.3, -0.6, -3.3), (-1.0, -0.6, -3.3)]
----------------- For Surface: #46
[(-1.8, 1.8, -3.0), (-1.6, 1.9, -3.3), (-1.5, 1.9, -3.3), (-1.4, 1.9, -2.9), (-1.7, 1.8, -2.9)]
----------------- For Surface: #47
[(-1.4, 1.8, -2.9), (-2.0, 1.8, -3.2), (-1.2, 1.8, -3.2), (-1.1, 1.8, -3.1), (-1.1, 1.8, -2.9)]
----------------- For Surface: #48
[(1.4, -0.2, -3.3), (1.5, -0.2, -2.9), (0.8, -0.1, -2.9), (0.8, -0.1, -3.2), (1.1, -0.1, -3.3)]
----------------- For Surface: #49
[(1.8, -0.3, -3.2), (1.8, -0.2, -3.0), (1.7, -0.2, -2.9), (1.5, -0.3, -2.9), (1.5, -0.3, -3.1), (1.6, -0.3, -3.2)]
----------------- For Surface: #50
[(-1.7, -0.5, -2.9), (-2.0, -0.2, -3.2), (-2.0, -0.2, -3.3), (-1.9, -0.2, -3.3), (-1.4, -0.4, -3.2), (-1.4, -0.3, -3.1), (-1.5, -0.3, -2.9)]
----------------- For Surface: #51
[(1.2, 1.9, -3.1), (1.3, 1.9, -3.2), (1.4, 1.7, -3.2), (1.6, 1.8, -3.1), (1.4, 1.8, -2.9), (1.2, 1.8, -2.9)]
----------------- For Surface: #52
[(-0.5, -0.6, -3.1), (-0.5, -0.6, -2.9), (-0.7, -0.5, -2.9), (-0.8, -0.5, -3.1), (-0.8, -0.5, -3.2)]
----------------- For Surface: #53
[(0.1, 1.7, -3.7), (0.3, 1.8, -3.4), (0.2, 1.8, -3.3), (-0.6, 1.7, -3.7), (-0.4, 1.8, -3.8), (-0.2, 1.7, -3.8)]
----------------- For Surface: #54
[(1.2, 1.4, -3.5), (1.4, 1.3, -3.7), (1.7, 1.4, -3.7), (1.5, 1.4, -3.4), (1.2, 1.4, -3.4)]
----------------- For Surface: #55
[(1.4, 1.1, -3.5), (1.4, 1.2, -3.7), (1.8, 0.8, -3.6), (1.8, 0.8, -3.5), (1.7, 0.8, -3.4)]
----------------- For Surface: #56
[(1.7, 0.6, -3.4), (1.4, 0.5, -3.4), (1.4, 0.5, -3.5), (1.5, 0.8, -3.6), (1.6, 0.7, -3.6), (1.7, 0.5, -3.5)]
----------------- For Surface: #57
[(-0.6, -0.3, -3.3), (-1.1, -0.1, -3.7), (-1.1, -0.1, -3.8), (-0.8, -0.1, -3.7), (-0.4, -0.1, -3.5), (-0.4, -0.2, -3.4)]
----------------- For Surface: #58
[(-0.9, -0.2, -3.2), (-1.2, -0.2, -3.4), (-1.1, -0.1, -3.6), (-1.0, -0.3, -3.7), (-0.7, -0.2, -3.6), (-0.6, -0.3, -3.5)]
----------------- For Surface: #59
[(-1.3, -0.3, -3.4), (-1.4, -0.3, -3.6), (-1.4, -0.3, -3.7), (-1.3, -0.2, -3.8), (-1.1, -0.2, -3.6), (-1.1, -0.2, -3.5), (-1.2, -0.3, -3.4)]
----------------- For Surface: #60
[(-0.3, 1.9, -3.7), (-0.3, 1.9, -3.5), (-0.4, 1.9, -3.5), (-0.7, 1.8, -3.7), (-0.8, 1.8, -3.8), (-0.6, 1.9, -3.8)]
----------------- For Surface: #61
[(-1.7, -0.3, -3.6), (-1.9, -0.4, -3.4), (-2.0, -0.3, -3.4), (-2.0, -0.3, -3.7), (-1.8, -0.5, -3.8), (-1.7, -0.4, -3.7)]
----------------- For Surface: #62
[(-1.7, -0.3, -3.4), (-1.6, -0.4, -3.7), (-1.5, -0.4, -3.7), (-1.4, -0.5, -3.6), (-1.4, -0.3, -3.4)]
----------------- For Surface: #63
[(-1.8, -0.4, -3.4), (-1.8, -0.4, -3.5), (-1.5, -0.5, -3.8), (-1.5, -0.5, -3.7), (-1.6, -0.4, -3.5)]
----------------- For Surface: #64
[(-2.0, 1.8, -3.7), (-1.9, 1.8, -3.9), (-1.7, 1.8, -3.9), (-1.2, 1.9, -3.8), (-1.1, 1.9, -3.7), (-1.2, 1.8, -3.4), (-1.8, 1.8, -3.4)]
----------------- For Surface: #65
[(-1.1, 1.8, -3.4), (-1.3, 1.8, -3.6), (-1.3, 1.8, -3.7), (-1.2, 1.8, -3.8), (-1.0, 1.8, -3.9), (-0.8, 1.9, -3.7), (-0.9, 1.9, -3.4)]
----------------- For Surface: #66
[(-1.6, 1.8, -3.9), (-2.0, 1.8, -4.1), (-2.0, 1.8, -4.3), (-1.3, 1.7, -4.3), (-1.3, 1.7, -4.2)]
----------------- For Surface: #67
[(0.7, -0.5, -1.4), (0.7, -0.4, -1.2), (0.4, -0.3, -1.2), (0.3, -0.5, -1.3), (0.3, -0.4, -1.4)]
----------------- For Surface: #68
[(1.1, 0.1, -3.2), (1.1, 0.1, -3.3), (1.5, 0.3, -3.5), (1.6, 0.1, -3.5), (1.6, -0.1, -3.4), (1.5, 0.1, -3.3), (1.2, 0.1, -3.2)]
----------------- For Surface: #69
[(1.2, 1.6, -3.5), (1.4, 1.7, -3.3), (1.3, 1.6, -3.2), (1.1, 1.7, -3.2), (1.0, 1.6, -3.3), (1.0, 1.6, -3.4)]
----------------- For Surface: #70
[(0.8, 1.1, -3.2), (0.7, 1.1, -3.2), (0.7, 0.7, -3.3), (0.9, 1.1, -3.3)]
----------------- For Surface: #71
[(1.4, 0.8, -3.4), (1.3, 0.7, -3.3), (1.2, 0.6, -3.3), (1.1, 0.8, -3.4), (1.2, 0.8, -3.5), (1.3, 0.8, -3.5)]
