---------------- 0 ----------------
[(0.9, 0.3, -0.5), (0.8, 0.3, -0.5), (0.9, 0.3, -0.6), (0.9, 0.2, -0.6), (0.8, 0.3, -0.6), (0.8, 0.2, -0.6), (1.0, 0.3, -0.6), (1.0, 0.2, -0.6), (0.8, 0.2, -0.7), (0.9, 0.3, -0.7), (0.9, 0.2, -0.7), (1.0, 0.3, -0.7), (1.0, 0.2, -0.7), (0.9, 0.3, -0.8), (1.0, 0.3, -0.8), (0.9, 0.2, -0.8)]
---------------- 1 ----------------
[(-0.4, -0.6, -0.5), (-0.3, -0.6, -0.5), (-0.5, -0.6, -0.5), (-0.4, -0.7, -0.5), (-0.3, -0.7, -0.5), (-0.5, -0.7, -0.5), (-0.3, -0.6, -0.6), (-0.5, -0.6, -0.6), (-0.3, -0.7, -0.6), (-0.6, -0.7, -0.6), (-0.4, -0.6, -0.6), (-0.4, -0.5, -0.6), (-0.5, -0.7, -0.6), (-0.4, -0.7, -0.6), (-0.4, -0.6, -0.7), (-0.4, -0.7, -0.7), (-0.6, -0.7, -0.7), (-0.5, -0.7, -0.7), (-0.5, -0.7, -0.8), (-0.7, -0.7, -0.8), (-0.8, -0.7, -0.8)]
---------------- 5 ----------------
[(-0.2, -0.1, -0.6), (-0.3, -0.1, -0.6), (-0.1, -0.1, -0.6), (-0.0, -0.1, -0.6), (-0.4, -0.1, -0.6), (-0.2, -0.2, -0.6), (0.0, -0.0, -0.6), (0.1, -0.1, -0.6), (-0.2, -0.1, -0.7), (0.1, -0.0, -0.7), (0.0, -0.1, -0.7), (0.0, -0.0, -0.7), (-0.3, -0.1, -0.7), (0.2, -0.1, -0.7), (-0.4, -0.1, -0.7), (-0.0, -0.2, -0.7), (-0.3, -0.2, -0.7), (-0.4, -0.2, -0.7), (0.2, -0.0, -0.7), (-0.1, -0.1, -0.7), (0.1, -0.1, -0.7), (-0.1, -0.2, -0.7), (-0.2, -0.2, -0.7), (0.1, -0.0, -0.8), (0.1, -0.1, -0.8), (0.0, -0.2, -0.8), (0.2, -0.0, -0.8)]
---------------- 11 ----------------
[(0.4, -0.6, -1.0), (0.3, -0.6, -1.1), (0.4, -0.6, -1.1), (0.5, -0.6, -1.1), (0.5, -0.7, -1.1), (0.3, -0.6, -1.0), (0.5, -0.6, -1.2), (0.3, -0.6, -1.2), (0.5, -0.7, -1.2), (0.4, -0.7, -1.2), (0.4, -0.6, -1.2), (0.6, -0.7, -1.2), (0.6, -0.6, -1.2), (0.5, -0.6, -1.3), (0.4, -0.6, -1.3), (0.4, -0.7, -1.3), (0.6, -0.6, -1.3), (0.6, -0.7, -1.3), (0.5, -0.7, -1.3), (0.7, -0.6, -1.3), (0.5, -0.7, -1.4), (0.6, -0.7, -1.4), (0.7, -0.7, -1.4), (0.8, -0.7, -1.4), (0.9, -0.7, -1.4), (0.6, -0.6, -1.4), (0.7, -0.8, -1.4), (0.9, -0.8, -1.4), (0.5, -0.6, -1.4), (0.9, -0.6, -1.4), (0.8, -0.6, -1.4), (0.7, -0.6, -1.4), (0.8, -0.8, -1.4), (0.9, -0.7, -1.5), (0.8, -0.7, -1.5), (0.8, -0.6, -1.5)]
---------------- 12 ----------------
[(0.6, -0.8, -1.0), (0.5, -0.8, -1.0), (0.6, -0.8, -1.1), (0.7, -0.8, -1.1), (0.5, -0.8, -1.1), (0.4, -0.8, -1.1), (0.8, -0.8, -1.1), (0.9, -0.8, -1.1), (1.0, -0.8, -1.1), (1.0, -0.9, -1.1), (1.1, -0.9, -1.1), (1.1, -0.8, -1.1), (1.2, -0.8, -1.1), (0.5, -0.8, -0.9), (0.6, -0.8, -0.9), (0.7, -0.8, -0.9), (0.8, -0.8, -0.9), (0.7, -0.8, -1.2), (1.2, -0.8, -1.2), (0.8, -0.8, -1.2), (0.9, -0.8, -1.2), (0.4, -0.8, -1.2), (1.2, -0.7, -1.2), (1.1, -0.9, -1.2), (0.6, -0.8, -1.2), (1.1, -0.8, -1.2), (1.0, -0.9, -1.2), (1.0, -0.8, -1.2), (0.5, -0.8, -1.2), (0.5, -0.8, -1.3), (0.9, -0.8, -1.3), (1.2, -0.8, -1.3), (1.0, -0.9, -1.3), (0.9, -0.7, -1.3), (0.8, -0.7, -1.3), (0.6, -0.8, -1.3), (0.7, -0.8, -1.3), (0.8, -0.8, -1.3), (1.3, -0.8, -1.3), (0.7, -0.8, -1.0), (1.1, -0.8, -1.3), (1.0, -0.8, -1.3), (0.8, -0.6, -1.3), (1.0, -0.7, -1.3), (1.2, -0.7, -1.3), (1.1, -0.9, -1.3), (0.7, -0.7, -1.3), (1.2, -0.8, -1.4), (1.0, -0.8, -1.4), (1.0, -0.7, -1.4), (1.1, -0.8, -1.4), (1.2, -0.9, -1.4), (1.1, -0.9, -1.4), (0.6, -0.8, -1.4), (1.3, -0.9, -1.4), (1.0, -0.9, -1.4), (1.3, -0.8, -1.4), (1.3, -0.9, -1.5), (1.1, -0.8, -1.5), (1.3, -0.8, -1.5), (1.2, -0.9, -1.5)]
---------------- 13 ----------------
[(-0.6, -0.8, -1.0), (-0.6, -0.8, -1.1), (-0.5, -0.8, -1.1), (-0.6, -0.7, -1.1), (-0.7, -0.8, -1.1), (-0.6, -0.7, -1.0), (-0.6, -0.8, -1.2), (-0.5, -0.8, -1.2), (-0.7, -0.8, -1.2), (-0.8, -0.8, -1.2), (-0.6, -0.8, -1.3), (-0.7, -0.8, -1.3), (-0.9, -0.8, -1.3), (-0.7, -0.7, -1.0), (-0.8, -0.8, -1.3), (-0.5, -0.8, -1.3), (-0.8, -0.8, -1.4), (-0.6, -0.8, -1.4), (-0.7, -0.8, -1.4), (-0.5, -0.8, -1.4), (-1.0, -0.8, -1.4), (-0.9, -0.8, -1.4), (-0.5, -0.8, -1.5), (-0.9, -0.8, -1.5), (-0.5, -0.8, -1.6), (-0.5, -0.8, -1.7), (-0.9, -0.8, -1.6), (-0.9, -0.8, -1.7), (-0.8, -0.8, -1.6), (-0.7, -0.8, -1.6), (-0.7, -0.8, -1.7), (-0.8, -0.8, -1.7), (-0.9, -0.7, -1.7), (-0.8, -0.7, -1.7), (-1.0, -0.8, -1.7), (-0.6, -0.8, -1.7), (-0.6, -0.8, -1.8), (-0.5, -0.8, -1.8), (-0.7, -0.8, -1.8), (-1.1, -0.8, -1.8), (-0.9, -0.8, -1.8), (-1.0, -0.8, -1.8), (-1.2, -0.8, -1.8), (-0.8, -0.8, -1.8), (-0.6, -0.9, -1.8), (-0.7, -0.8, -1.9), (-0.5, -0.9, -1.9), (-0.5, -0.8, -1.9), (-0.6, -0.9, -1.9), (-0.9, -0.8, -1.9), (-1.0, -0.8, -1.9), (-0.8, -0.8, -1.9), (-0.6, -0.8, -1.9), (-0.5, -0.9, -2.0)]
---------------- 14 ----------------
[(0.2, -0.1, -1.0), (0.2, -0.2, -1.0), (0.3, -0.1, -1.0), (0.3, -0.1, -1.1), (0.2, -0.1, -1.1), (0.2, -0.0, -1.1), (0.3, -0.1, -0.9), (0.2, -0.1, -0.9), (0.3, -0.0, -1.0), (0.2, -0.0, -1.2), (0.3, -0.1, -1.2), (0.2, -0.1, -1.2), (0.2, -0.1, -1.3), (0.1, -0.1, -1.3), (-0.0, -0.1, -1.3), (0.2, -0.0, -1.0), (-0.1, -0.1, -1.3), (-0.2, -0.1, -1.3), (-0.0, -0.1, -1.4), (0.1, -0.1, -1.4), (-0.2, -0.1, -1.4), (-0.2, -0.2, -1.3), (-0.1, -0.2, -1.3), (-0.2, -0.2, -1.4), (-0.0, -0.2, -1.4), (-0.1, -0.2, -1.4), (-0.1, -0.1, -1.4)]
---------------- 15 ----------------
[(-0.8, -0.7, -1.0), (-0.8, -0.7, -1.1), (-0.7, -0.7, -1.1), (-0.9, -0.7, -1.1), (-0.9, -0.8, -1.1), (-0.8, -0.8, -1.1), (-1.0, -0.7, -1.2), (-0.8, -0.7, -0.9), (-0.7, -0.7, -0.9), (-0.6, -0.7, -0.9), (-0.5, -0.7, -0.9), (-0.5, -0.6, -0.9), (-1.0, -0.7, -1.0), (-0.9, -0.7, -1.0), (-0.9, -0.7, -1.2), (-0.9, -0.8, -1.2), (-1.0, -0.8, -1.2), (-1.1, -0.8, -1.2), (-1.2, -0.8, -1.3), (-1.1, -0.8, -1.3), (-1.0, -0.8, -1.3), (-1.2, -0.9, -1.3), (-1.3, -0.8, -1.3), (-1.3, -0.8, -1.4), (-1.3, -0.9, -1.4), (-1.4, -0.8, -1.4), (-1.2, -0.8, -1.4), (-1.2, -0.8, -1.5), (-1.1, -0.8, -1.4), (-1.4, -0.8, -1.5), (-1.5, -0.8, -1.6), (-1.5, -0.8, -1.7), (-1.6, -0.8, -1.7), (-1.4, -0.8, -1.7), (-1.5, -0.8, -1.8), (-1.4, -0.8, -1.8), (-1.3, -0.8, -1.5), (-1.6, -0.8, -1.8), (-1.7, -0.8, -1.8), (-1.4, -0.8, -1.9), (-1.5, -0.8, -1.9), (-1.6, -0.8, -1.9), (-1.7, -0.8, -1.9), (-1.6, -0.8, -2.0)]
---------------- 17 ----------------
[(1.0, -0.1, -1.0), (1.0, -0.1, -1.1), (1.1, -0.1, -1.1), (1.1, -0.2, -1.1), (1.0, -0.1, -0.9), (1.1, -0.1, -1.2), (1.2, -0.1, -1.2), (1.1, -0.1, -1.3), (1.2, -0.1, -1.3), (1.1, -0.2, -1.3), (1.1, -0.2, -1.4), (1.1, -0.1, -1.4), (1.2, -0.1, -1.4), (1.2, -0.2, -1.4), (1.1, -0.1, -1.5), (1.2, -0.1, -1.5), (1.2, -0.2, -1.5)]
---------------- 18 ----------------
[(1.0, -0.3, -1.0), (1.1, -0.3, -1.0), (1.1, -0.3, -1.1), (1.1, -0.4, -1.0), (1.1, -0.4, -1.1), (1.0, -0.3, -1.1), (1.1, -0.4, -0.9), (1.0, -0.3, -0.9), (1.1, -0.3, -1.2), (1.1, -0.3, -1.3), (1.0, -0.4, -1.0), (1.2, -0.4, -1.3), (1.2, -0.3, -1.3), (1.1, -0.3, -1.4), (1.2, -0.3, -1.4), (1.2, -0.4, -1.4)]
---------------- 20 ----------------
[(-0.4, -0.3, -1.0), (-0.4, -0.4, -1.0), (-0.4, -0.5, -1.0), (-0.4, -0.3, -1.1), (-0.4, -0.5, -1.1), (-0.5, -0.5, -1.1), (-0.4, -0.4, -1.1), (-0.3, -0.4, -1.1), (-0.2, -0.4, -1.1), (-0.5, -0.4, -1.1), (-0.1, -0.4, -1.1), (-0.4, -0.3, -0.9), (-0.3, -0.3, -0.9), (-0.3, -0.4, -0.9), (-0.2, -0.4, -0.9), (-0.3, -0.3, -1.0), (-0.1, -0.4, -1.0), (-0.2, -0.4, -1.0), (-0.1, -0.4, -1.2), (-0.4, -0.4, -1.2), (-0.0, -0.3, -1.2), (-0.3, -0.4, -1.2), (-0.2, -0.4, -1.2), (-0.3, -0.4, -1.0), (-0.3, -0.3, -0.8), (-0.4, -0.3, -0.8), (-0.2, -0.3, -0.8)]
---------------- 28 ----------------
[(0.6, 0.6, -1.1), (0.6, 0.6, -1.2), (0.6, 0.5, -1.2), (0.6, 0.4, -1.2), (0.7, 0.4, -1.2), (0.7, 0.3, -1.2), (0.6, 0.4, -1.3), (0.7, 0.3, -1.3), (0.6, 0.5, -1.3), (0.6, 0.3, -1.3), (0.7, 0.4, -1.3), (0.7, 0.4, -1.4), (0.7, 0.5, -1.4), (0.6, 0.3, -1.4), (0.7, 0.3, -1.4), (0.5, 0.3, -1.4), (0.8, 0.3, -1.4), (0.5, 0.3, -1.5), (0.6, 0.3, -1.5)]
---------------- 32 ----------------
[(0.5, -0.3, -1.5), (0.6, -0.3, -1.5), (0.5, -0.3, -1.6), (0.5, -0.4, -1.6), (0.4, -0.4, -1.6), (0.6, -0.4, -1.6), (0.5, -0.3, -1.4), (0.6, -0.3, -1.4), (0.4, -0.3, -1.4), (0.7, -0.3, -1.4), (0.6, -0.4, -1.4), (0.4, -0.4, -1.5), (0.4, -0.4, -1.4), (0.5, -0.4, -1.5), (0.7, -0.4, -1.5), (0.6, -0.4, -1.5), (0.7, -0.3, -1.5), (0.4, -0.3, -1.5)]
---------------- 33 ----------------
[(-1.9, -0.3, -1.5), (-2.0, -0.3, -1.5), (-1.8, -0.3, -1.5), (-1.7, -0.3, -1.5), (-1.9, -0.3, -1.6), (-1.7, -0.3, -1.6), (-1.8, -0.3, -1.6), (-1.6, -0.3, -1.6), (-2.0, -0.3, -1.6), (-1.9, -0.4, -1.6), (-1.8, -0.4, -1.6), (-2.0, -0.4, -1.6), (-1.9, -0.3, -1.4), (-2.0, -0.3, -1.4), (-1.7, -0.4, -1.6), (-2.0, -0.4, -1.7), (-1.7, -0.4, -1.7), (-1.9, -0.4, -1.7), (-1.8, -0.4, -1.7), (-1.6, -0.4, -1.7), (-1.6, -0.4, -1.8), (-1.8, -0.4, -1.8), (-1.7, -0.4, -1.8), (-1.9, -0.4, -1.8), (-2.0, -0.4, -1.8), (-1.7, -0.4, -1.9), (-2.0, -0.4, -1.9), (-1.8, -0.4, -1.9), (-1.9, -0.4, -1.9), (-1.6, -0.4, -1.9)]
---------------- 34 ----------------
[(-1.0, -0.3, -1.5), (-1.0, -0.4, -1.5), (-0.9, -0.3, -1.5), (-0.9, -0.3, -1.6), (-0.8, -0.3, -1.6), (-0.7, -0.3, -1.6), (-0.6, -0.3, -1.6), (-1.1, -0.3, -1.6), (-0.9, -0.4, -1.6), (-1.0, -0.3, -1.6), (-0.8, -0.3, -1.4), (-0.9, -0.3, -1.4), (-1.0, -0.3, -1.4), (-1.1, -0.3, -1.4), (-0.8, -0.4, -1.4), (-0.7, -0.3, -1.4), (-1.2, -0.3, -1.4), (-0.8, -0.3, -1.5), (-1.0, -0.4, -1.4), (-0.9, -0.4, -1.4), (-0.7, -0.4, -1.4), (-0.7, -0.4, -1.6), (-1.0, -0.4, -1.6), (-0.8, -0.3, -1.7), (-0.8, -0.4, -1.7), (-1.0, -0.4, -1.7), (-0.9, -0.4, -1.7), (-0.9, -0.3, -1.7), (-0.6, -0.4, -1.7), (-0.9, -0.5, -1.7), (-0.8, -0.5, -1.7), (-1.1, -0.4, -1.7), (-1.2, -0.3, -1.7), (-1.1, -0.3, -1.7), (-1.0, -0.3, -1.7), (-1.3, -0.3, -1.7), (-0.7, -0.4, -1.7), (-0.7, -0.5, -1.7), (-1.2, -0.3, -1.8), (-1.0, -0.3, -1.8), (-0.6, -0.4, -1.8), (-1.1, -0.3, -1.8), (-0.8, -0.4, -1.8), (-0.5, -0.4, -1.8), (-0.7, -0.5, -1.8), (-0.9, -0.5, -1.8), (-1.0, -0.5, -1.8), (-1.1, -0.5, -1.8), (-0.8, -0.5, -1.8), (-0.7, -0.6, -1.8), (-1.1, -0.3, -1.5), (-1.1, -0.4, -1.5), (-0.6, -0.3, -1.5), (-0.9, -0.4, -1.5), (-0.7, -0.4, -1.8), (-0.6, -0.5, -1.8), (-0.6, -0.6, -1.8), (-0.5, -0.6, -1.8), (-1.3, -0.3, -1.8), (-0.9, -0.4, -1.8), (-1.1, -0.4, -1.8), (-1.0, -0.4, -1.8), (-1.2, -0.4, -1.8), (-1.3, -0.4, -1.8), (-0.4, -0.4, -1.8), (-1.3, -0.4, -1.9), (-0.5, -0.4, -1.9), (-0.4, -0.4, -1.9), (-0.7, -0.5, -1.9), (-0.6, -0.5, -1.9), (-0.8, -0.6, -1.8), (-0.8, -0.4, -1.9), (-0.7, -0.4, -1.9), (-1.3, -0.3, -1.9), (-0.6, -0.4, -1.9), (-0.7, -0.6, -1.9), (-0.6, -0.6, -1.9), (-1.2, -0.4, -1.9), (-0.9, -0.4, -1.9), (-1.0, -0.5, -1.9), (-0.9, -0.5, -1.9), (-0.8, -0.6, -1.9), (-0.5, -0.6, -1.9), (-1.1, -0.5, -1.9), (-1.4, -0.4, -1.9), (-1.2, -0.5, -1.9), (-1.1, -0.4, -1.9), (-1.0, -0.4, -1.9), (-0.8, -0.5, -1.9), (-1.2, -0.6, -1.9), (-1.1, -0.6, -1.9), (-0.8, -0.6, -2.0), (-0.7, -0.6, -2.0)]
---------------- 35 ----------------
[(0.7, -0.9, -1.5), (0.7, -0.8, -1.5), (0.8, -0.8, -1.5), (0.9, -0.8, -1.5), (0.8, -0.9, -1.5), (0.9, -0.8, -1.6), (0.8, -0.8, -1.6), (0.9, -0.9, -1.6), (0.8, -0.9, -1.6), (0.7, -0.9, -1.6), (0.6, -0.9, -1.6), (0.5, -0.9, -1.6), (0.4, -0.9, -1.6), (0.8, -0.9, -1.4), (1.0, -0.8, -1.5), (0.6, -0.9, -1.7), (0.7, -0.9, -1.7), (0.4, -0.9, -1.7), (0.5, -0.9, -1.7), (0.7, -0.8, -1.7), (0.5, -1.0, -1.7), (0.4, -1.0, -1.7), (0.4, -1.0, -1.8), (0.5, -1.0, -1.8), (0.6, -0.8, -1.8), (0.6, -1.0, -1.8), (0.5, -0.9, -1.8), (0.6, -0.9, -1.8), (0.6, -0.9, -1.9), (0.5, -0.9, -1.9), (0.6, -1.0, -1.9)]
---------------- 37 ----------------
[(-1.2, -0.3, -1.5), (-1.2, -0.4, -1.5), (-1.3, -0.4, -1.5), (-1.2, -0.3, -1.6), (-1.3, -0.3, -1.6), (-1.2, -0.4, -1.6), (-1.2, -0.5, -1.6), (-1.3, -0.4, -1.6), (-1.1, -0.5, -1.6), (-1.1, -0.5, -1.7), (-1.0, -0.5, -1.7), (-1.2, -0.5, -1.7), (-1.3, -0.4, -1.7), (-1.4, -0.4, -1.7), (-1.1, -0.5, -1.5), (-1.0, -0.5, -1.5), (-1.4, -0.4, -1.8)]
---------------- 38 ----------------
[(1.1, -0.9, -1.5), (1.1, -0.9, -1.6), (1.1, -0.8, -1.6), (1.1, -0.9, -1.7), (1.2, -0.9, -1.7), (1.3, -0.9, -1.7), (1.4, -0.9, -1.7), (1.1, -0.8, -1.7), (1.1, -0.9, -1.8), (1.3, -0.9, -1.8), (1.4, -0.9, -1.8), (1.2, -0.9, -1.8), (1.3, -0.9, -1.9), (1.2, -0.9, -1.9), (1.1, -0.9, -1.9), (1.2, -0.8, -1.9), (1.3, -1.0, -1.9), (1.5, -0.9, -1.9), (1.4, -0.9, -1.9), (1.4, -0.9, -2.0)]
---------------- 39 ----------------
[(1.3, 0.2, -1.5), (1.3, 0.1, -1.5), (1.3, 0.2, -1.6), (1.4, 0.2, -1.6), (1.3, 0.1, -1.6), (1.3, 0.0, -1.6), (1.2, 0.0, -1.6), (1.4, 0.1, -1.6), (1.2, 0.1, -1.7), (1.3, 0.0, -1.7), (1.4, 0.1, -1.7), (1.3, 0.1, -1.7), (1.3, 0.1, -1.8), (1.4, 0.1, -1.8), (1.3, 0.0, -1.8), (1.5, 0.1, -1.8), (1.4, 0.0, -1.8), (1.3, 0.1, -1.9), (1.3, 0.0, -1.9), (1.4, 0.0, -1.9), (1.5, 0.1, -1.9), (1.4, 0.1, -1.9), (1.4, 0.2, -1.9)]
---------------- 41 ----------------
[(0.8, 0.5, -1.5), (0.7, 0.4, -1.5), (0.7, 0.5, -1.5), (0.6, 0.4, -1.5), (0.8, 0.4, -1.5), (0.8, 0.3, -1.5), (0.8, 0.4, -1.6), (0.6, 0.4, -1.6), (0.8, 0.5, -1.6), (0.8, 0.3, -1.6), (0.9, 0.5, -1.6), (0.6, 0.4, -1.4), (0.6, 0.5, -1.4), (0.9, 0.4, -1.6), (0.8, 0.4, -1.7), (0.8, 0.3, -1.7), (0.9, 0.4, -1.7), (0.9, 0.3, -1.7), (0.9, 0.3, -1.8), (1.0, 0.3, -1.8), (0.6, 0.5, -1.5)]
---------------- 47 ----------------
[(-1.9, -0.6, -1.5), (-1.8, -0.6, -1.5), (-1.7, -0.6, -1.5), (-1.9, -0.6, -1.6), (-1.9, -0.7, -1.6), (-1.7, -0.6, -1.6), (-1.8, -0.6, -1.6), (-1.6, -0.6, -1.6), (-1.8, -0.7, -1.6), (-1.7, -0.7, -1.6), (-1.5, -0.6, -1.6), (-1.5, -0.7, -1.6), (-1.9, -0.6, -1.4), (-1.6, -0.7, -1.6), (-1.5, -0.7, -1.7), (-1.8, -0.7, -1.7), (-1.6, -0.7, -1.7), (-1.7, -0.7, -1.7), (-1.9, -0.7, -1.7), (-1.7, -0.8, -1.7), (-1.8, -0.8, -1.7), (-1.5, -0.6, -1.7), (-1.5, -0.6, -1.8), (-1.5, -0.7, -1.8), (-1.7, -0.7, -1.8), (-1.6, -0.7, -1.8)]
---------------- 60 ----------------
[(1.1, 1.9, -2.0), (1.2, 1.9, -2.0), (1.3, 1.9, -2.0), (1.4, 1.9, -2.0), (1.5, 1.9, -2.0), (1.0, 1.9, -2.0), (1.0, 1.9, -2.1), (1.1, 1.9, -2.1), (1.2, 1.9, -2.1), (1.3, 1.9, -2.1), (1.4, 1.9, -2.1), (1.5, 1.9, -2.1), (1.3, 1.9, -2.2), (1.4, 1.9, -2.2), (1.5, 1.9, -2.2), (1.0, 1.9, -2.2), (1.6, 1.9, -2.2), (0.9, 1.9, -2.2), (1.1, 1.9, -2.2), (1.2, 1.9, -2.2), (0.8, 1.9, -2.2), (0.8, 1.9, -2.3), (1.3, 1.9, -2.3), (1.1, 1.9, -2.3), (1.2, 1.9, -2.3), (1.2, 1.9, -1.9), (1.3, 1.9, -1.9), (1.4, 1.9, -1.9), (1.1, 1.9, -1.9), (1.5, 1.9, -1.9), (1.0, 1.9, -2.4)]
---------------- 61 ----------------
[(-1.4, -0.4, -2.0), (-1.3, -0.4, -2.0), (-1.3, -0.4, -2.1), (-1.2, -0.4, -2.1), (-1.1, -0.4, -2.0), (-1.0, -0.4, -2.0), (-1.2, -0.4, -2.0), (-1.2, -0.4, -2.2), (-1.1, -0.4, -2.2), (-1.0, -0.4, -2.2), (-0.9, -0.4, -2.2), (-0.8, -0.5, -2.2), (-0.8, -0.4, -2.2), (-0.9, -0.5, -2.2), (-0.8, -0.4, -2.3), (-0.7, -0.4, -2.3), (-0.8, -0.5, -2.3), (-0.7, -0.5, -2.3), (-1.0, -0.4, -2.3), (-1.1, -0.4, -2.3), (-0.9, -0.4, -2.3)]
---------------- 63 ----------------
[(-1.0, -0.5, -2.0), (-0.9, -0.5, -2.0), (-0.8, -0.5, -2.0), (-1.0, -0.5, -2.1), (-0.8, -0.5, -2.1), (-0.8, -0.4, -2.1), (-0.7, -0.4, -2.1), (-1.0, -0.6, -2.1), (-1.1, -0.6, -2.1), (-0.6, -0.4, -2.1), (-0.6, -0.5, -2.1), (-1.0, -0.6, -2.0), (-1.1, -0.5, -2.0), (-0.6, -0.4, -2.2), (-0.7, -0.4, -2.2), (-0.7, -0.5, -2.2), (-0.6, -0.5, -2.2)]
---------------- 65 ----------------
[(-1.5, -0.2, -2.0), (-1.6, -0.2, -2.0), (-1.6, -0.1, -2.0), (-1.5, -0.1, -2.0), (-1.5, -0.1, -2.1), (-1.6, -0.2, -2.1), (-1.5, -0.2, -2.1), (-1.6, -0.1, -2.1), (-1.7, -0.2, -2.1), (-1.8, -0.2, -2.1), (-1.7, -0.1, -2.1), (-1.6, -0.1, -2.2), (-1.7, -0.1, -2.2), (-1.8, -0.1, -2.2), (-1.9, -0.1, -2.2), (-1.6, -0.2, -2.2), (-2.0, -0.1, -2.3), (-1.7, -0.1, -2.3), (-1.9, -0.1, -2.3), (-1.8, -0.1, -2.3), (-1.6, -0.2, -2.3), (-1.7, -0.2, -2.3), (-1.5, -0.2, -1.9), (-1.4, -0.2, -1.9), (-1.5, -0.3, -1.9)]
---------------- 69 ----------------
[(0.3, -0.3, -2.0), (0.3, -0.3, -2.1), (0.3, -0.4, -2.1), (0.2, -0.4, -2.1), (0.4, -0.3, -2.1), (0.4, -0.4, -2.1), (0.3, -0.5, -2.1), (0.4, -0.2, -2.1), (0.3, -0.4, -2.2), (0.3, -0.5, -2.2), (0.3, -0.3, -2.2), (0.4, -0.5, -2.2), (0.4, -0.4, -2.2), (0.5, -0.4, -2.2), (0.3, -0.2, -2.2), (0.4, -0.2, -2.2), (0.4, -0.3, -2.2), (0.5, -0.3, -2.2), (0.5, -0.4, -2.3), (0.2, -0.2, -2.3), (0.5, -0.3, -2.3)]
---------------- 72 ----------------
[(0.2, -0.2, -2.0), (0.3, -0.2, -2.0), (0.3, -0.2, -2.1), (0.2, -0.2, -2.1), (0.2, -0.3, -2.1), (0.1, -0.2, -2.1), (0.1, -0.2, -2.2), (0.2, -0.2, -2.2), (0.1, -0.3, -2.2), (0.2, -0.3, -2.2), (-0.0, -0.3, -2.2), (0.1, -0.4, -2.2), (0.2, -0.1, -2.3), (0.2, -0.1, -2.2), (0.3, -0.1, -2.3), (0.3, -0.1, -2.2)]
---------------- 82 ----------------
[(1.7, 0.1, -2.5), (1.7, 0.0, -2.5), (1.7, -0.1, -2.5), (1.8, -0.0, -2.5), (1.9, 0.0, -2.6), (2.0, -0.0, -2.6), (2.0, -0.1, -2.6), (1.9, 0.1, -2.6), (1.8, 0.1, -2.6), (1.7, -0.0, -2.6), (1.8, 0.0, -2.6), (1.9, -0.1, -2.6), (1.8, 0.0, -2.4), (1.7, 0.1, -2.4), (1.7, 0.1, -2.6), (1.7, 0.1, -2.7), (2.0, 0.0, -2.7), (1.9, -0.0, -2.7), (1.9, -0.1, -2.7), (1.7, -0.1, -2.6), (1.8, 0.1, -2.7), (2.0, -0.1, -2.7), (1.8, 0.2, -2.7), (1.7, 0.0, -2.7), (1.6, 0.0, -2.7), (1.6, -0.1, -2.7), (1.5, 0.0, -2.7), (1.8, 0.0, -2.7), (1.6, 0.1, -2.7), (1.8, -0.1, -2.7), (1.5, -0.1, -2.7), (1.7, -0.1, -2.7), (1.5, -0.2, -2.7), (1.5, 0.1, -2.8), (1.7, -0.1, -2.8), (1.5, -0.1, -2.8), (1.5, -0.2, -2.8), (1.8, -0.0, -2.8), (1.8, 0.1, -2.5), (1.6, -0.0, -2.5), (1.8, -0.1, -2.5), (1.7, -0.2, -2.5)]
---------------- 83 ----------------
[(0.3, -0.2, -2.5), (0.3, -0.3, -2.5), (0.4, -0.2, -2.5), (0.4, -0.3, -2.5), (0.5, -0.3, -2.5), (0.6, -0.3, -2.5), (0.3, -0.3, -2.6), (0.6, -0.3, -2.6), (0.4, -0.3, -2.6), (0.4, -0.3, -2.4), (0.4, -0.2, -2.4), (0.3, -0.2, -2.4), (0.3, -0.3, -2.4), (0.5, -0.3, -2.4), (0.5, -0.3, -2.6), (0.4, -0.3, -2.7), (0.3, -0.3, -2.7), (0.3, -0.2, -2.7), (0.4, -0.2, -2.7), (0.5, -0.3, -2.7), (0.6, -0.3, -2.7), (0.4, -0.3, -2.8), (0.2, -0.3, -2.7), (0.2, -0.3, -2.8)]
---------------- 84 ----------------
[(-0.5, -0.5, -2.5), (-0.4, -0.5, -2.5), (-0.6, -0.5, -2.6), (-0.4, -0.5, -2.6), (-0.7, -0.5, -2.6), (-0.4, -0.5, -2.4), (-0.3, -0.5, -2.4), (-0.2, -0.5, -2.4), (-0.5, -0.5, -2.4), (-0.6, -0.5, -2.4), (-0.4, -0.5, -2.3), (-0.8, -0.5, -2.6), (-0.5, -0.5, -2.6), (-0.6, -0.5, -2.7), (-0.4, -0.5, -2.7), (-0.9, -0.5, -2.7), (-0.5, -0.5, -2.7), (-0.8, -0.5, -2.7), (-0.7, -0.5, -2.7), (-0.6, -0.6, -2.7), (-0.4, -0.5, -2.8), (-0.4, -0.6, -2.8), (-0.5, -0.6, -2.8), (-0.9, -0.5, -2.8), (-0.6, -0.5, -2.5), (-0.3, -0.5, -2.5), (-0.9, -0.5, -2.9), (-0.4, -0.6, -2.9), (-0.3, -0.6, -2.9), (-0.3, -0.5, -3.0), (-0.9, -0.6, -2.9), (-0.4, -0.6, -3.0), (-0.3, -0.6, -3.0)]
---------------- 85 ----------------
[(1.9, -0.5, -2.5), (1.8, -0.5, -2.5), (1.8, -0.4, -2.5), (1.9, -0.4, -2.5), (1.8, -0.4, -2.6), (1.8, -0.5, -2.6), (1.9, -0.4, -2.6), (1.9, -0.5, -2.6), (1.9, -0.5, -2.4), (1.8, -0.5, -2.4), (1.8, -0.4, -2.4), (2.0, -0.4, -2.4), (1.9, -0.6, -2.4), (1.8, -0.6, -2.4), (1.8, -0.3, -2.4), (1.9, -0.4, -2.4), (1.7, -0.4, -2.4), (1.9, -0.5, -2.3), (1.7, -0.3, -2.4), (1.8, -0.3, -2.5), (1.7, -0.5, -2.4), (1.8, -0.6, -2.5), (2.0, -0.5, -2.5), (1.6, -0.5, -2.5), (1.9, -0.6, -2.5), (1.9, -0.7, -2.5), (2.0, -0.6, -2.5), (1.9, -0.8, -2.5)]
---------------- 86 ----------------
[(1.5, -0.9, -2.5), (1.6, -0.9, -2.5), (1.7, -0.9, -2.5), (1.4, -0.9, -2.5), (1.6, -1.0, -2.5), (1.5, -1.0, -2.5), (1.7, -1.0, -2.5), (1.8, -0.9, -2.5), (1.7, -0.8, -2.5), (1.5, -1.1, -2.5), (1.4, -1.1, -2.5), (1.7, -0.8, -2.6), (1.7, -1.1, -2.5), (1.7, -1.1, -2.6), (1.4, -0.9, -2.6), (1.6, -1.1, -2.6), (1.5, -1.1, -2.6), (1.5, -1.0, -2.6), (1.7, -0.9, -2.6), (1.8, -0.8, -2.6), (1.6, -1.0, -2.6), (1.7, -1.0, -2.6), (1.7, -0.7, -2.6), (1.7, -1.1, -2.4), (1.6, -1.0, -2.4), (1.6, -1.1, -2.4), (1.5, -1.0, -2.4), (1.7, -0.9, -2.4), (1.7, -0.8, -2.4), (1.6, -0.9, -2.4), (1.3, -0.9, -2.4), (1.4, -0.9, -2.4), (1.5, -0.9, -2.4), (1.7, -1.0, -2.4), (1.3, -0.9, -2.6), (1.6, -0.9, -2.6), (1.5, -0.9, -2.6), (1.6, -0.7, -2.6), (1.2, -0.9, -2.6), (1.6, -0.8, -2.7), (1.6, -1.0, -2.7), (1.6, -1.1, -2.7), (1.5, -1.2, -2.6), (1.5, -1.2, -2.7), (1.7, -0.8, -2.7), (1.5, -0.9, -2.7), (1.5, -1.1, -2.7), (1.2, -0.9, -2.7), (1.6, -0.9, -2.7), (1.6, -0.7, -2.7), (1.1, -0.9, -2.7), (1.2, -0.9, -2.8), (1.6, -0.8, -2.4), (1.4, -1.0, -2.5), (1.4, -1.0, -2.4), (1.5, -1.1, -2.4), (1.6, -0.8, -2.5), (1.6, -1.1, -2.5)]
---------------- 87 ----------------
[(1.3, -1.0, -2.5), (1.3, -0.9, -2.5), (1.3, -0.8, -2.5), (1.2, -1.0, -2.5), (1.4, -0.8, -2.5), (1.3, -0.7, -2.5), (1.4, -0.7, -2.5), (1.2, -1.0, -2.6), (1.3, -1.0, -2.6), (1.4, -1.0, -2.6), (1.2, -1.0, -2.4), (1.3, -1.0, -2.4), (1.4, -0.7, -2.6), (1.5, -0.7, -2.6), (1.5, -0.7, -2.7), (1.5, -0.8, -2.7), (1.2, -1.0, -2.7), (1.1, -1.0, -2.7), (1.0, -1.0, -2.7), (0.9, -1.0, -2.7), (1.3, -1.1, -2.7), (1.0, -0.9, -2.7), (0.9, -1.1, -2.7), (1.2, -1.1, -2.7), (1.3, -1.0, -2.7), (0.9, -0.9, -2.7), (1.1, -1.1, -2.7), (0.8, -0.9, -2.7), (1.0, -1.0, -2.8), (0.8, -0.9, -2.8), (1.1, -1.0, -2.8), (1.2, -1.0, -2.8), (1.2, -1.1, -2.8), (1.0, -0.9, -2.8)]
---------------- 88 ----------------
[(0.5, 1.9, -2.5), (0.6, 1.9, -2.5), (0.4, 1.9, -2.5), (0.5, 1.9, -2.6), (0.4, 1.9, -2.6), (0.3, 1.9, -2.6), (0.6, 1.9, -2.4), (0.7, 1.9, -2.4), (0.8, 1.9, -2.4), (0.9, 1.9, -2.4), (0.5, 1.9, -2.4), (0.7, 1.9, -2.3), (0.6, 1.9, -2.3), (0.2, 1.9, -2.6), (0.3, 1.9, -2.7), (0.6, 1.9, -2.7), (0.6, 1.9, -2.6), (0.7, 1.9, -2.7), (0.8, 1.9, -2.7), (0.9, 1.9, -2.7), (0.2, 1.9, -2.7), (0.5, 1.9, -2.7), (0.4, 1.9, -2.7), (0.1, 1.9, -2.7), (1.0, 1.9, -2.7), (0.7, 1.9, -2.8), (0.2, 1.9, -2.8), (0.3, 1.9, -2.8), (0.4, 1.9, -2.8), (0.6, 1.9, -2.8), (0.9, 1.9, -2.8), (1.0, 1.9, -2.8), (0.1, 1.9, -2.8), (0.4, 1.9, -2.4), (0.7, 1.9, -2.9), (1.0, 1.8, -2.9), (0.7, 1.9, -3.0), (0.8, 1.9, -3.0)]
---------------- 90 ----------------
[(-1.2, -0.7, -2.5), (-1.2, -0.6, -2.5), (-1.2, -0.6, -2.6), (-1.1, -0.6, -2.6), (-1.0, -0.6, -2.6), (-1.3, -0.6, -2.6), (-1.3, -0.7, -2.6), (-1.4, -0.6, -2.6), (-1.4, -0.7, -2.6), (-1.5, -0.7, -2.6), (-1.1, -0.6, -2.7), (-1.3, -0.7, -2.7), (-1.5, -0.7, -2.7), (-1.3, -0.6, -2.7), (-1.1, -0.5, -2.7), (-1.2, -0.7, -2.7), (-1.6, -0.7, -2.7), (-1.4, -0.6, -2.7), (-1.4, -0.7, -2.7), (-1.6, -0.7, -2.8), (-1.6, -0.8, -2.7), (-1.2, -0.7, -2.8), (-1.3, -0.7, -2.8), (-1.3, -0.6, -2.8), (-1.4, -0.6, -2.8), (-1.2, -0.6, -2.8), (-1.2, -0.5, -2.8), (-1.1, -0.7, -2.5)]
---------------- 91 ----------------
[(0.7, 1.9, -2.5), (0.8, 1.9, -2.5), (0.9, 1.9, -2.5), (0.9, 1.9, -2.6), (0.7, 1.9, -2.6), (0.8, 1.9, -2.6), (1.0, 1.9, -2.6), (1.1, 1.9, -2.6), (1.2, 1.9, -2.6), (1.3, 1.9, -2.6), (1.2, 1.9, -2.7), (1.3, 1.8, -2.6), (1.2, 1.8, -2.7), (1.3, 1.9, -2.7), (1.3, 1.8, -2.7), (1.4, 1.8, -2.7), (1.1, 1.9, -2.7), (1.4, 1.9, -2.7), (1.5, 1.9, -2.7), (1.5, 1.8, -2.8), (1.6, 1.8, -2.8), (1.7, 1.8, -2.8), (1.1, 1.8, -2.8)]
---------------- 92 ----------------
[(1.3, 1.9, -2.5), (1.2, 1.9, -2.5), (1.1, 1.9, -2.5), (1.4, 1.9, -2.5), (1.4, 1.8, -2.5), (1.4, 1.8, -2.6), (1.4, 1.9, -2.6), (1.5, 1.9, -2.6), (1.3, 1.9, -2.4), (1.2, 1.9, -2.4), (1.1, 1.9, -2.4), (1.4, 1.9, -2.4), (1.5, 1.9, -2.4), (1.5, 1.8, -2.6), (1.5, 1.8, -2.7), (1.6, 1.8, -2.7), (1.7, 1.8, -2.7), (1.8, 1.8, -2.8), (1.5, 1.9, -2.5)]
---------------- 94 ----------------
[(-0.9, -0.6, -2.5), (-1.0, -0.6, -2.5), (-0.8, -0.6, -2.5), (-1.1, -0.6, -2.5), (-0.9, -0.5, -2.5), (-0.8, -0.5, -2.5), (-0.7, -0.5, -2.5), (-0.9, -0.6, -2.6), (-1.0, -0.5, -2.6), (-1.1, -0.5, -2.6), (-0.9, -0.5, -2.6), (-0.7, -0.5, -2.4), (-0.8, -0.5, -2.4), (-0.7, -0.6, -2.4), (-1.2, -0.5, -2.6), (-1.0, -0.5, -2.7), (-1.2, -0.5, -2.7), (-1.3, -0.5, -2.8), (-0.8, -0.6, -2.4)]
---------------- 111 ----------------
[(-0.9, 1.9, -3.0), (-0.9, 1.8, -3.0), (-0.9, 1.8, -3.1), (-1.0, 1.8, -3.1), (-0.8, 1.8, -3.1), (-0.9, 1.8, -2.9), (-0.8, 1.8, -2.9), (-0.7, 1.8, -3.1), (-1.1, 1.8, -3.2), (-0.7, 1.8, -3.2), (-0.6, 1.8, -3.2), (-1.0, 1.8, -3.2), (-0.8, 1.8, -3.2), (-0.9, 1.8, -3.2), (-1.0, 1.8, -3.3), (-0.6, 1.8, -3.3), (-0.5, 1.8, -3.3), (-0.4, 1.8, -3.3), (-0.7, 1.9, -2.9), (-0.6, 1.9, -2.9), (-1.0, 1.8, -3.0), (-1.0, 1.8, -2.9), (-0.8, 1.8, -3.0), (-0.5, 1.8, -3.4)]
---------------- 112 ----------------
[(-0.1, 1.9, -3.0), (-0.2, 1.9, -3.0), (-0.3, 1.9, -3.0), (-0.0, 1.9, -3.0), (-0.0, 1.9, -3.1), (-0.2, 1.9, -3.1), (0.1, 1.9, -3.1), (-0.4, 1.9, -3.1), (-0.5, 1.9, -3.1), (-0.1, 1.9, -2.9), (-0.1, 1.8, -2.9), (0.0, 1.9, -2.9), (-0.0, 1.8, -2.9), (-0.3, 1.9, -2.9), (-0.4, 1.8, -2.9), (-0.2, 1.9, -2.9), (-0.6, 1.8, -3.1), (-0.1, 1.9, -3.1), (-0.5, 1.8, -3.1), (-0.2, 2.0, -3.1), (-0.3, 1.9, -3.1), (-0.3, 1.9, -3.2), (-0.2, 1.9, -3.2), (-0.5, 1.8, -3.2), (-0.4, 1.9, -3.2), (-0.1, 1.9, -3.2), (0.1, 1.9, -3.2), (0.2, 1.9, -3.2), (-0.3, 1.8, -3.2), (0.2, 1.8, -3.2), (0.0, 1.9, -3.2), (0.1, 1.8, -3.2), (-0.2, 1.8, -3.2), (-0.1, 1.8, -3.2), (-0.0, 1.8, -3.2), (-0.4, 1.8, -3.2), (-0.1, 1.9, -3.3), (-0.5, 1.9, -3.2), (-0.4, 1.9, -3.3), (0.3, 1.8, -3.2), (0.0, 1.9, -3.3), (-0.3, 1.8, -3.3), (-0.2, 1.8, -3.3), (-0.1, 1.8, -3.3), (0.1, 1.8, -3.3), (-0.4, 1.9, -2.9), (-0.4, 1.9, -3.0), (-0.4, 1.9, -3.4), (-0.3, 1.9, -3.4), (-0.3, 1.8, -3.4)]
---------------- 113 ----------------
[(0.5, 1.9, -3.0), (0.4, 1.9, -3.0), (0.6, 1.9, -3.0), (0.4, 1.9, -3.1), (0.5, 1.9, -3.1), (0.3, 1.9, -3.1), (0.6, 1.9, -3.1), (0.2, 1.9, -3.1), (0.6, 1.8, -3.1), (0.7, 1.8, -3.1), (0.8, 1.8, -3.1), (0.4, 1.9, -2.9), (0.3, 1.9, -2.9), (0.6, 1.9, -2.9), (0.5, 1.9, -2.9), (0.4, 1.8, -3.1), (0.9, 1.8, -3.1), (0.2, 2.0, -3.1), (0.5, 1.8, -3.1), (0.6, 1.9, -3.2), (0.3, 1.9, -3.2), (0.9, 1.8, -3.2), (0.4, 1.8, -3.2), (0.4, 1.9, -3.2), (0.2, 2.0, -3.2), (0.6, 1.8, -3.2), (0.7, 1.8, -3.2), (0.8, 1.8, -3.2), (0.5, 1.8, -3.2), (0.3, 2.0, -3.2), (0.3, 1.8, -3.3), (0.7, 1.8, -3.3), (0.6, 1.8, -3.3), (0.4, 1.9, -3.3), (0.8, 1.8, -3.0)]
---------------- 114 ----------------
[(1.4, 1.4, -3.0), (1.4, 1.3, -3.0), (1.3, 1.3, -3.0), (1.4, 1.2, -3.0), (1.4, 1.5, -3.0), (1.5, 1.5, -3.0), (1.2, 1.3, -3.0), (1.3, 1.2, -3.0), (1.2, 1.2, -3.0), (1.2, 1.3, -3.1), (1.3, 1.3, -3.1), (1.3, 1.2, -3.1), (1.2, 1.1, -3.1), (1.5, 1.5, -3.1), (1.4, 1.4, -3.1), (1.2, 1.2, -3.1), (1.4, 1.3, -2.9), (1.3, 1.2, -2.9), (1.4, 1.2, -2.9), (1.5, 1.3, -2.9), (1.4, 1.5, -3.1), (1.5, 1.6, -3.1), (1.5, 1.4, -3.1), (1.2, 1.2, -3.2), (1.4, 1.5, -3.2), (1.5, 1.5, -3.2), (1.4, 1.4, -3.2), (1.5, 1.4, -3.2), (1.6, 1.4, -3.2), (1.6, 1.3, -3.2), (1.5, 1.4, -2.9), (1.2, 1.2, -2.9)]
---------------- 115 ----------------
[(2.0, 1.2, -3.0), (2.0, 1.3, -3.0), (2.0, 1.4, -3.0), (1.9, 1.2, -3.0), (2.0, 1.1, -3.0), (2.0, 1.2, -2.9), (1.9, 1.2, -2.9), (1.9, 1.4, -2.9), (1.8, 1.2, -2.9), (1.9, 1.3, -2.9), (2.0, 1.4, -2.9), (1.7, 1.2, -2.9), (1.9, 1.5, -2.9), (2.0, 1.3, -2.9), (2.0, 1.1, -2.9), (2.0, 1.0, -2.9), (2.0, 1.5, -3.0), (1.9, 1.4, -3.0), (1.9, 1.1, -2.9), (1.9, 1.1, -3.0), (2.0, 1.0, -3.0), (1.9, 1.3, -3.0)]
---------------- 116 ----------------
[(0.9, 0.1, -3.0), (0.8, 0.1, -3.0), (0.7, 0.1, -3.0), (0.7, 0.1, -3.1), (0.8, 0.1, -3.1), (0.9, 0.1, -3.1), (0.9, 0.2, -3.1), (0.8, 0.1, -3.2), (0.9, 0.1, -3.2), (0.7, 0.1, -3.2), (0.9, 0.0, -3.2), (0.8, 0.2, -3.2), (0.9, 0.2, -3.2), (1.0, 0.2, -3.2), (1.1, 0.2, -3.2), (1.2, 0.2, -3.2), (1.1, 0.3, -3.2), (1.0, 0.3, -3.2), (1.0, 0.3, -3.3), (1.1, 0.2, -3.3), (1.1, 0.3, -3.3), (1.2, 0.2, -3.3), (1.0, 0.2, -3.3), (1.0, 0.1, -3.3), (0.9, 0.1, -2.9)]
---------------- 117 ----------------
[(0.1, -0.2, -3.0), (-0.0, -0.3, -3.0), (0.2, -0.2, -3.0), (0.0, -0.2, -3.0), (0.0, -0.2, -3.1), (-0.1, -0.3, -3.0), (-0.1, -0.2, -3.1), (-0.1, -0.1, -3.1), (-0.1, -0.3, -3.1), (0.2, -0.2, -3.1), (0.2, -0.3, -3.1), (0.3, -0.3, -3.1), (0.2, -0.4, -3.1), (-0.2, -0.1, -3.1), (-0.2, -0.2, -3.1), (0.1, -0.2, -3.1), (-0.3, -0.2, -3.1), (0.1, -0.2, -2.9), (0.3, -0.2, -2.9), (0.3, -0.3, -2.9), (0.2, -0.2, -2.9), (0.0, -0.3, -2.9), (0.4, -0.2, -2.9), (0.1, -0.3, -2.9), (0.2, -0.3, -2.9), (0.2, -0.4, -2.9), (-0.3, -0.3, -3.1), (-0.2, -0.3, -3.1), (-0.0, -0.3, -3.1), (0.1, -0.3, -3.1), (-0.3, -0.2, -3.2), (0.2, -0.2, -3.2), (-0.1, -0.1, -3.2), (-0.4, -0.2, -3.2), (-0.5, -0.2, -3.2), (-0.1, -0.2, -3.2), (-0.2, -0.2, -3.2), (-0.0, -0.2, -3.2), (-0.4, -0.1, -3.2), (-0.3, -0.1, -3.2), (0.1, -0.3, -3.2), (0.1, -0.2, -3.2), (-0.2, -0.3, -3.2), (-0.1, -0.3, -3.2), (-0.5, -0.1, -3.2), (-0.2, -0.1, -3.2), (-0.2, -0.3, -3.3), (-0.1, -0.3, -3.3), (-0.1, -0.2, -3.3), (0.0, -0.2, -2.9), (0.3, -0.2, -3.0), (-0.2, -0.3, -3.0), (-0.2, -0.4, -3.0)]
---------------- 119 ----------------
[(-1.1, -0.5, -3.0), (-1.2, -0.6, -3.0), (-1.1, -0.6, -3.0), (-1.2, -0.7, -3.0), (-1.2, -0.5, -3.0), (-1.0, -0.5, -3.0), (-1.0, -0.6, -3.0), (-1.3, -0.6, -3.0), (-1.3, -0.8, -3.0), (-0.9, -0.6, -3.1), (-1.3, -0.6, -3.1), (-1.2, -0.6, -3.1), (-1.1, -0.6, -3.1), (-1.4, -0.6, -3.1), (-1.1, -0.7, -3.1), (-1.0, -0.5, -3.1), (-1.0, -0.6, -3.1), (-1.3, -0.5, -3.1), (-1.2, -0.5, -3.1), (-1.1, -0.5, -3.1), (-0.8, -0.6, -3.1), (-1.4, -0.7, -3.1), (-1.2, -0.7, -3.1), (-0.8, -0.7, -3.1), (-1.4, -0.8, -3.1), (-1.0, -0.5, -2.9), (-1.1, -0.5, -2.9), (-1.3, -0.5, -2.9), (-1.2, -0.5, -2.9), (-1.3, -0.7, -3.1), (-1.0, -0.5, -3.2), (-1.1, -0.5, -3.2), (-0.9, -0.6, -3.2), (-1.4, -0.8, -3.2), (-1.4, -0.5, -3.2), (-1.3, -0.6, -3.2), (-1.1, -0.6, -3.2), (-1.2, -0.7, -3.2), (-1.4, -0.7, -3.2), (-1.3, -0.7, -3.2), (-1.4, -0.6, -3.2), (-1.2, -0.6, -3.2), (-1.2, -0.5, -3.2), (-1.3, -0.5, -3.2), (-1.2, -0.6, -3.3), (-1.1, -0.6, -3.3), (-1.0, -0.6, -3.3), (-1.2, -0.5, -3.3), (-1.3, -0.6, -3.3), (-1.3, -0.5, -3.3), (-1.4, -0.5, -3.0), (-1.4, -0.6, -3.0)]
---------------- 121 ----------------
[(-1.6, 1.9, -3.0), (-1.6, 1.9, -2.9), (-1.5, 1.9, -2.9), (-1.6, 1.8, -2.9), (-1.7, 1.8, -2.9), (-1.4, 1.9, -2.9), (-1.6, 1.9, -3.1), (-1.6, 1.9, -3.2), (-1.6, 1.9, -3.3), (-1.5, 1.9, -3.3), (-1.5, 1.9, -3.0), (-1.7, 1.8, -3.0), (-1.7, 1.9, -3.0), (-1.7, 1.9, -2.9), (-1.5, 1.8, -2.9), (-1.8, 1.8, -3.0)]
---------------- 122 ----------------
[(-1.3, 1.8, -3.0), (-1.2, 1.8, -3.0), (-1.4, 1.8, -3.0), (-1.1, 1.8, -3.0), (-1.5, 1.8, -3.0), (-1.6, 1.8, -3.0), (-1.1, 1.8, -3.1), (-1.7, 1.8, -3.1), (-1.7, 1.9, -3.1), (-1.5, 1.8, -3.1), (-1.4, 1.8, -3.1), (-1.6, 1.8, -3.1), (-1.2, 1.8, -3.1), (-1.3, 1.8, -3.1), (-1.1, 1.8, -2.9), (-1.4, 1.8, -2.9), (-1.3, 1.8, -2.9), (-1.1, 1.9, -2.9), (-1.8, 1.8, -3.1), (-1.5, 1.8, -3.2), (-1.6, 1.8, -3.2), (-1.2, 1.8, -3.2), (-1.9, 1.8, -3.2), (-1.8, 1.8, -3.2), (-2.0, 1.8, -3.2), (-1.3, 1.8, -3.2), (-1.7, 1.8, -3.2), (-1.9, 1.9, -3.2), (-1.4, 1.8, -3.2), (-2.0, 1.9, -3.3), (-1.9, 1.9, -3.3), (-1.2, 1.8, -2.9)]
---------------- 125 ----------------
[(1.0, -0.2, -3.0), (1.1, -0.2, -3.0), (0.9, -0.2, -3.0), (0.9, -0.1, -3.0), (1.0, -0.1, -3.0), (0.8, -0.1, -3.0), (1.1, -0.2, -3.1), (1.2, -0.2, -3.0), (0.8, -0.1, -3.1), (1.3, -0.2, -3.1), (1.0, -0.2, -3.1), (1.0, -0.1, -2.9), (1.2, -0.2, -2.9), (1.1, -0.2, -2.9), (1.3, -0.2, -2.9), (1.1, -0.3, -2.9), (0.9, -0.1, -2.9), (0.8, -0.1, -2.9), (1.2, -0.3, -2.9), (0.9, -0.1, -3.1), (1.2, -0.2, -3.1), (0.8, -0.1, -3.2), (0.9, -0.2, -3.1), (0.9, -0.1, -3.2), (0.9, -0.2, -3.2), (1.1, -0.2, -3.2), (1.3, -0.2, -3.2), (1.0, -0.1, -3.2), (1.1, -0.1, -3.2), (1.2, -0.1, -3.2), (1.0, -0.2, -3.2), (1.2, -0.2, -3.2), (1.1, -0.1, -3.3), (1.1, -0.2, -3.3), (1.3, -0.2, -3.3), (1.4, -0.2, -3.3), (1.2, -0.2, -3.3), (0.9, -0.2, -2.9), (1.0, -0.2, -2.9), (1.4, -0.2, -2.9), (1.5, -0.2, -2.9), (1.4, -0.3, -3.0), (1.4, -0.3, -2.9)]
---------------- 126 ----------------
[(1.5, -0.2, -3.0), (1.6, -0.3, -3.0), (1.7, -0.3, -3.0), (1.7, -0.2, -3.0), (1.5, -0.3, -3.0), (1.6, -0.2, -3.0), (1.8, -0.2, -3.0), (1.8, -0.2, -3.1), (1.7, -0.2, -3.1), (1.6, -0.3, -3.1), (1.6, -0.2, -3.1), (1.5, -0.3, -3.1), (1.5, -0.3, -2.9), (1.7, -0.2, -2.9), (1.7, -0.3, -2.9), (1.6, -0.3, -3.2), (1.7, -0.2, -3.2), (1.7, -0.3, -3.2), (1.8, -0.3, -3.2), (1.6, -0.2, -2.9), (1.6, -0.3, -2.9), (1.7, -0.4, -3.0), (1.8, -0.4, -3.0)]
---------------- 127 ----------------
[(-1.6, -0.2, -3.0), (-1.7, -0.2, -3.0), (-1.7, -0.3, -3.0), (-1.6, -0.3, -3.0), (-1.7, -0.4, -3.0), (-1.6, -0.4, -3.0), (-1.7, -0.5, -3.0), (-1.7, -0.4, -3.1), (-1.6, -0.3, -3.1), (-1.7, -0.3, -3.1), (-1.5, -0.3, -3.1), (-1.7, -0.5, -3.1), (-1.6, -0.3, -2.9), (-1.5, -0.3, -2.9), (-1.7, -0.5, -2.9), (-1.6, -0.2, -2.9), (-1.6, -0.5, -3.1), (-1.8, -0.3, -3.1), (-1.9, -0.3, -3.1), (-1.9, -0.3, -3.2), (-1.6, -0.3, -3.2), (-1.4, -0.3, -3.1), (-1.4, -0.3, -3.2), (-1.9, -0.4, -3.1), (-1.6, -0.4, -3.1), (-1.9, -0.4, -3.2), (-1.8, -0.3, -3.2), (-1.5, -0.3, -3.2), (-1.6, -0.5, -3.2), (-2.0, -0.2, -3.2), (-1.9, -0.2, -3.2), (-1.6, -0.4, -3.2), (-1.4, -0.4, -3.2), (-2.0, -0.3, -3.2), (-1.5, -0.4, -3.2), (-2.0, -0.2, -3.3), (-1.9, -0.2, -3.3), (-1.7, -0.2, -2.9), (-1.7, -0.3, -2.9), (-1.7, -0.4, -2.9), (-1.5, -0.3, -3.0)]
---------------- 129 ----------------
[(1.4, 1.8, -3.0), (1.5, 1.8, -3.0), (1.3, 1.8, -3.0), (1.3, 1.9, -3.0), (1.5, 1.8, -3.1), (1.6, 1.8, -3.1), (1.6, 1.9, -3.1), (1.3, 1.8, -3.1), (1.4, 1.8, -3.1), (1.2, 1.9, -3.1), (1.3, 1.8, -2.9), (1.4, 1.8, -2.9), (1.2, 1.8, -2.9), (1.3, 1.9, -3.1), (1.3, 1.7, -3.1), (1.3, 1.9, -3.2), (1.3, 1.8, -3.2), (1.4, 1.7, -3.2), (1.4, 1.6, -3.2), (1.3, 1.7, -3.2)]
---------------- 130 ----------------
[(-0.6, -0.5, -3.0), (-0.7, -0.5, -3.0), (-0.6, -0.6, -3.0), (-0.5, -0.6, -3.1), (-0.6, -0.6, -3.1), (-0.5, -0.5, -3.1), (-0.7, -0.6, -3.1), (-0.8, -0.5, -3.1), (-0.7, -0.5, -3.1), (-0.6, -0.5, -3.1), (-0.5, -0.6, -2.9), (-0.5, -0.5, -2.9), (-0.6, -0.6, -2.9), (-0.8, -0.5, -3.2), (-0.7, -0.5, -2.9), (-0.6, -0.5, -2.9)]
---------------- 154 ----------------
[(0.1, 1.8, -3.5), (0.1, 1.7, -3.5), (-0.0, 1.8, -3.5), (0.0, 1.7, -3.5), (-0.1, 1.8, -3.6), (-0.0, 1.7, -3.6), (-0.2, 1.8, -3.6), (-0.2, 1.9, -3.6), (-0.1, 1.7, -3.6), (0.2, 1.8, -3.4), (0.2, 1.8, -3.3), (0.3, 1.8, -3.4), (-0.0, 1.8, -3.4), (0.1, 1.8, -3.4), (-0.3, 1.8, -3.6), (-0.2, 1.7, -3.6), (-0.0, 1.8, -3.6), (0.1, 1.7, -3.6), (0.1, 1.7, -3.7), (-0.3, 1.8, -3.7), (-0.3, 1.7, -3.7), (-0.0, 1.7, -3.7), (-0.4, 1.8, -3.7), (-0.5, 1.7, -3.7), (-0.4, 1.7, -3.7), (-0.2, 1.7, -3.7), (-0.6, 1.7, -3.7), (-0.3, 1.8, -3.8), (-0.2, 1.7, -3.8), (-0.4, 1.8, -3.8), (0.3, 1.7, -3.4), (-0.2, 1.8, -3.5), (0.2, 1.8, -3.5), (0.2, 1.7, -3.5), (0.2, 1.7, -3.4)]
---------------- 155 ----------------
[(1.2, 1.4, -3.5), (1.3, 1.4, -3.5), (1.4, 1.4, -3.5), (1.4, 1.3, -3.5), (1.4, 1.3, -3.6), (1.5, 1.3, -3.6), (1.6, 1.4, -3.6), (1.4, 1.2, -3.4), (1.3, 1.4, -3.4), (1.4, 1.4, -3.4), (1.4, 1.1, -3.4), (1.5, 1.3, -3.7), (1.4, 1.3, -3.7), (1.5, 1.4, -3.7), (1.6, 1.4, -3.7), (1.7, 1.4, -3.7), (1.5, 1.4, -3.4), (1.4, 1.3, -3.4), (1.5, 1.2, -3.4), (1.2, 1.4, -3.4), (1.3, 1.2, -3.5)]
---------------- 156 ----------------
[(1.7, 1.1, -3.5), (1.7, 1.0, -3.5), (1.7, 1.2, -3.5), (1.7, 0.9, -3.5), (1.7, 0.8, -3.5), (1.6, 1.2, -3.5), (1.5, 1.2, -3.5), (1.5, 1.1, -3.5), (1.8, 0.8, -3.5), (1.8, 0.7, -3.5), (1.8, 0.9, -3.5), (1.4, 1.1, -3.5), (1.5, 1.2, -3.6), (1.7, 1.1, -3.6), (1.7, 0.9, -3.6), (1.7, 1.0, -3.6), (1.7, 0.8, -3.6), (1.8, 0.8, -3.6), (1.4, 1.2, -3.6), (1.7, 1.2, -3.6), (1.4, 1.1, -3.6), (1.5, 1.1, -3.6), (1.6, 1.1, -3.6), (1.6, 1.0, -3.6), (1.7, 0.7, -3.6), (1.6, 1.2, -3.6), (1.8, 0.7, -3.6), (1.8, 0.6, -3.6), (1.8, 1.2, -3.6), (1.7, 0.8, -3.4), (1.7, 0.9, -3.4), (1.7, 1.1, -3.4), (1.6, 0.9, -3.6), (1.4, 1.2, -3.7), (1.7, 1.0, -3.4), (1.6, 1.3, -3.5)]
---------------- 157 ----------------
[(1.5, 0.8, -3.5), (1.6, 0.7, -3.5), (1.6, 0.8, -3.5), (1.6, 0.6, -3.5), (1.6, 0.9, -3.5), (1.5, 0.8, -3.6), (1.6, 0.7, -3.6), (1.6, 0.8, -3.6), (1.6, 0.8, -3.4), (1.6, 0.6, -3.4), (1.6, 0.9, -3.4), (1.6, 0.5, -3.4), (1.5, 0.5, -3.4), (1.5, 0.6, -3.4), (1.5, 0.8, -3.4), (1.5, 0.7, -3.4), (1.7, 0.6, -3.4), (1.4, 0.5, -3.4), (1.5, 0.9, -3.5), (1.5, 0.9, -3.4), (1.5, 0.7, -3.5), (1.6, 0.7, -3.4), (1.7, 0.7, -3.4), (1.5, 0.6, -3.5), (1.7, 0.5, -3.4), (1.7, 0.5, -3.5), (1.4, 0.5, -3.5)]
---------------- 160 ----------------
[(-0.4, -0.1, -3.5), (-0.5, -0.1, -3.5), (-0.5, -0.2, -3.5), (-0.6, -0.2, -3.5), (-0.6, -0.1, -3.5), (-0.7, -0.1, -3.6), (-0.6, -0.1, -3.6), (-0.5, -0.2, -3.4), (-0.4, -0.2, -3.4), (-0.4, -0.3, -3.4), (-0.6, -0.3, -3.4), (-0.5, -0.3, -3.4), (-0.6, -0.3, -3.3), (-0.8, -0.1, -3.6), (-0.8, -0.1, -3.7), (-0.9, -0.1, -3.7), (-0.9, -0.2, -3.7), (-1.0, -0.2, -3.7), (-1.0, -0.1, -3.7), (-1.1, -0.1, -3.7), (-1.1, -0.1, -3.8), (-1.1, -0.2, -3.7), (-1.1, -0.2, -3.8), (-0.6, -0.2, -3.4), (-0.6, -0.1, -3.4), (-0.5, -0.1, -3.4), (-0.4, -0.1, -3.4), (-0.7, -0.1, -3.4), (-0.7, -0.2, -3.4), (-0.5, -0.3, -3.5)]
---------------- 161 ----------------
[(-0.8, -0.3, -3.5), (-0.7, -0.3, -3.5), (-0.6, -0.3, -3.5), (-0.8, -0.2, -3.5), (-0.9, -0.2, -3.5), (-0.7, -0.2, -3.5), (-1.0, -0.3, -3.5), (-0.8, -0.1, -3.5), (-0.9, -0.1, -3.5), (-1.0, -0.4, -3.5), (-0.7, -0.2, -3.6), (-0.8, -0.3, -3.6), (-1.0, -0.1, -3.6), (-0.8, -0.2, -3.6), (-1.1, -0.1, -3.6), (-0.9, -0.3, -3.6), (-1.0, -0.3, -3.6), (-1.0, -0.2, -3.4), (-1.0, -0.3, -3.4), (-1.1, -0.2, -3.4), (-1.2, -0.2, -3.4), (-1.1, -0.3, -3.4), (-0.7, -0.3, -3.4), (-1.0, -0.1, -3.4), (-0.9, -0.1, -3.4), (-0.8, -0.1, -3.4), (-1.2, -0.1, -3.4), (-0.8, -0.3, -3.4), (-1.1, -0.1, -3.4), (-0.9, -0.3, -3.4), (-0.9, -0.2, -3.3), (-0.9, -0.2, -3.2), (-0.8, -0.2, -3.3), (-1.0, -0.2, -3.3), (-0.9, -0.2, -3.6), (-1.0, -0.2, -3.6), (-0.9, -0.1, -3.6), (-1.1, -0.3, -3.6), (-1.0, -0.3, -3.7), (-0.9, -0.2, -3.4), (-0.8, -0.2, -3.4), (-1.0, -0.4, -3.4), (-1.1, -0.3, -3.5), (-0.9, -0.3, -3.5)]
---------------- 162 ----------------
[(-1.2, -0.3, -3.5), (-1.2, -0.2, -3.5), (-1.1, -0.2, -3.5), (-1.2, -0.1, -3.5), (-1.3, -0.3, -3.5), (-1.1, -0.2, -3.6), (-1.2, -0.2, -3.6), (-1.2, -0.1, -3.6), (-1.3, -0.1, -3.6), (-1.4, -0.3, -3.6), (-1.3, -0.2, -3.6), (-1.2, -0.2, -3.7), (-1.3, -0.3, -3.6), (-1.2, -0.1, -3.7), (-1.4, -0.3, -3.7), (-1.3, -0.2, -3.7), (-1.3, -0.1, -3.7), (-1.4, -0.4, -3.7), (-1.3, -0.3, -3.7), (-1.3, -0.2, -3.8), (-1.3, -0.3, -3.4), (-1.2, -0.3, -3.4)]
---------------- 163 ----------------
[(-0.3, 1.9, -3.5), (-0.4, 1.9, -3.5), (-0.4, 1.9, -3.6), (-0.3, 1.9, -3.6), (-0.5, 1.9, -3.6), (-0.4, 1.8, -3.6), (-0.3, 1.9, -3.7), (-0.5, 1.8, -3.7), (-0.5, 1.9, -3.7), (-0.6, 1.8, -3.7), (-0.7, 1.8, -3.7), (-0.7, 1.9, -3.8), (-0.6, 1.9, -3.8), (-0.6, 1.8, -3.8), (-0.7, 1.8, -3.8), (-0.8, 1.8, -3.8), (-0.4, 2.0, -3.5)]
---------------- 167 ----------------
[(-2.0, -0.3, -3.5), (-2.0, -0.4, -3.5), (-1.9, -0.4, -3.6), (-2.0, -0.4, -3.6), (-1.9, -0.3, -3.6), (-1.8, -0.3, -3.6), (-1.8, -0.4, -3.6), (-2.0, -0.4, -3.4), (-2.0, -0.3, -3.4), (-1.7, -0.3, -3.6), (-2.0, -0.3, -3.6), (-1.8, -0.3, -3.7), (-2.0, -0.3, -3.7), (-1.8, -0.4, -3.7), (-1.9, -0.4, -3.7), (-1.7, -0.4, -3.7), (-1.7, -0.5, -3.7), (-1.8, -0.5, -3.7), (-1.9, -0.3, -3.7), (-1.7, -0.3, -3.7), (-1.8, -0.5, -3.8), (-1.9, -0.4, -3.4)]
---------------- 168 ----------------
[(-1.5, -0.5, -3.5), (-1.4, -0.4, -3.5), (-1.5, -0.3, -3.5), (-1.4, -0.5, -3.5), (-1.5, -0.3, -3.6), (-1.5, -0.4, -3.5), (-1.4, -0.5, -3.6), (-1.6, -0.3, -3.6), (-1.5, -0.4, -3.6), (-1.4, -0.4, -3.6), (-1.5, -0.5, -3.4), (-1.6, -0.5, -3.4), (-1.5, -0.3, -3.4), (-1.5, -0.4, -3.4), (-1.4, -0.3, -3.4), (-1.6, -0.3, -3.4), (-1.4, -0.5, -3.4), (-1.6, -0.4, -3.7), (-1.5, -0.4, -3.7), (-1.6, -0.3, -3.7), (-1.5, -0.3, -3.7), (-1.7, -0.3, -3.4), (-1.7, -0.4, -3.4), (-1.4, -0.4, -3.4)]
---------------- 171 ----------------
[(-1.8, -0.4, -3.5), (-1.7, -0.4, -3.5), (-1.7, -0.3, -3.5), (-1.7, -0.2, -3.5), (-1.6, -0.4, -3.5), (-1.6, -0.3, -3.5), (-1.6, -0.5, -3.5), (-1.8, -0.3, -3.5), (-1.6, -0.4, -3.6), (-1.7, -0.4, -3.6), (-1.8, -0.4, -3.4), (-1.6, -0.5, -3.6), (-1.6, -0.5, -3.7), (-1.5, -0.5, -3.7), (-1.5, -0.6, -3.7), (-1.5, -0.5, -3.8)]
---------------- 172 ----------------
[(-1.4, 1.9, -3.5), (-1.4, 1.8, -3.5), (-1.5, 1.8, -3.5), (-1.6, 1.8, -3.5), (-1.7, 1.8, -3.6), (-1.8, 1.8, -3.6), (-1.8, 1.9, -3.6), (-1.9, 1.8, -3.6), (-1.4, 1.8, -3.6), (-1.4, 1.9, -3.6), (-1.9, 1.9, -3.6), (-1.3, 1.9, -3.6), (-1.5, 1.8, -3.4), (-1.6, 1.8, -3.4), (-1.4, 1.8, -3.4), (-1.3, 1.8, -3.4), (-1.2, 1.8, -3.4), (-1.6, 1.8, -3.6), (-1.7, 1.9, -3.6), (-1.5, 1.8, -3.6), (-1.2, 1.9, -3.6), (-1.7, 1.9, -3.7), (-1.6, 1.9, -3.7), (-1.5, 1.9, -3.7), (-1.8, 1.8, -3.7), (-1.7, 1.8, -3.7), (-1.2, 1.9, -3.7), (-1.5, 1.8, -3.7), (-2.0, 1.8, -3.7), (-1.4, 1.9, -3.7), (-1.4, 1.8, -3.7), (-1.3, 1.9, -3.7), (-1.9, 1.8, -3.7), (-1.1, 1.9, -3.7), (-1.9, 1.9, -3.7), (-2.0, 1.9, -3.7), (-1.3, 1.9, -3.8), (-1.6, 1.8, -3.8), (-1.6, 1.8, -3.7), (-1.8, 1.8, -3.8), (-1.7, 1.8, -3.8), (-1.2, 1.9, -3.8), (-1.6, 1.9, -3.8), (-1.7, 1.8, -3.4), (-1.8, 1.8, -3.4), (-1.7, 1.8, -3.5), (-1.8, 1.8, -3.5), (-1.9, 1.8, -3.9), (-1.8, 1.8, -3.9), (-1.7, 1.8, -3.9), (-1.7, 1.9, -3.9)]
---------------- 175 ----------------
[(-0.9, 1.9, -3.5), (-1.0, 1.9, -3.5), (-1.1, 1.9, -3.5), (-1.2, 1.8, -3.5), (-1.1, 1.8, -3.5), (-0.9, 1.9, -3.6), (-1.3, 1.8, -3.6), (-1.2, 1.8, -3.6), (-1.1, 1.8, -3.6), (-1.0, 1.9, -3.6), (-1.1, 1.9, -3.6), (-1.0, 1.8, -3.6), (-1.1, 1.8, -3.4), (-0.9, 1.9, -3.4), (-1.0, 1.8, -3.4), (-1.0, 1.9, -3.4), (-1.0, 1.9, -3.7), (-0.9, 1.9, -3.7), (-1.2, 1.8, -3.7), (-1.3, 1.8, -3.7), (-0.8, 1.9, -3.7), (-1.0, 1.8, -3.7), (-1.1, 1.8, -3.7), (-1.2, 1.8, -3.8), (-1.0, 1.9, -3.8), (-1.1, 1.8, -3.8), (-1.0, 1.8, -3.8), (-1.0, 1.8, -3.9), (-1.0, 1.7, -3.9)]
---------------- 195 ----------------
[(-1.6, 1.9, -4.0), (-1.6, 1.8, -4.0), (-1.7, 1.7, -4.0), (-1.6, 1.7, -4.0), (-1.5, 1.7, -4.0), (-1.7, 1.8, -4.0), (-1.7, 1.8, -4.1), (-1.6, 1.8, -4.1), (-1.8, 1.8, -4.1), (-1.9, 1.8, -4.1), (-1.9, 1.7, -4.1), (-1.8, 1.7, -4.1), (-1.7, 1.7, -4.1), (-1.6, 1.9, -3.9), (-1.6, 1.8, -3.9), (-1.5, 1.8, -4.1), (-2.0, 1.8, -4.1), (-1.6, 1.7, -4.1), (-1.5, 1.7, -4.1), (-2.0, 1.8, -4.2), (-1.9, 1.7, -4.2), (-1.5, 1.7, -4.2), (-1.4, 1.7, -4.2), (-1.3, 1.7, -4.2), (-1.6, 1.7, -4.2), (-1.8, 1.7, -4.2), (-1.7, 1.7, -4.2), (-1.6, 1.8, -4.2), (-1.4, 1.8, -4.2), (-1.9, 1.8, -4.2), (-1.8, 1.8, -4.2), (-1.7, 1.8, -4.2), (-1.5, 1.8, -4.2), (-2.0, 1.7, -4.2), (-1.9, 1.8, -4.3), (-1.3, 1.7, -4.3), (-2.0, 1.8, -4.3)]
---------------- 229 ----------------
[(0.6, -0.3, -1.2), (0.5, -0.3, -1.2), (0.6, -0.4, -1.2), (0.4, -0.3, -1.2), (0.7, -0.4, -1.2), (0.6, -0.5, -1.2), (0.7, -0.5, -1.2), (0.5, -0.3, -1.3), (0.6, -0.5, -1.3), (0.6, -0.3, -1.3), (0.4, -0.3, -1.3), (0.4, -0.4, -1.3), (0.6, -0.4, -1.3), (0.7, -0.4, -1.3), (0.7, -0.5, -1.3), (0.3, -0.5, -1.3), (0.5, -0.5, -1.3), (0.4, -0.5, -1.3), (0.5, -0.4, -1.3), (0.3, -0.4, -1.3), (0.7, -0.5, -1.4), (0.5, -0.5, -1.4), (0.4, -0.5, -1.4), (0.3, -0.4, -1.4), (0.6, -0.5, -1.4), (0.7, -0.4, -1.4), (0.5, -0.4, -1.4)]
---------------- 299 ----------------
[(1.2, 0.1, -3.3), (1.3, 0.1, -3.3), (1.3, 0.0, -3.3), (1.4, 0.0, -3.3), (1.4, 0.1, -3.3), (1.3, 0.2, -3.3), (1.5, 0.1, -3.3), (1.4, 0.1, -3.4), (1.5, 0.0, -3.3), (1.5, 0.0, -3.4), (1.5, -0.1, -3.4), (1.6, -0.1, -3.4), (1.5, -0.2, -3.4), (1.5, 0.1, -3.4), (1.6, 0.1, -3.4), (1.5, 0.2, -3.4), (1.6, 0.0, -3.4), (1.4, 0.3, -3.4), (1.5, 0.3, -3.4), (1.5, 0.4, -3.4), (1.2, 0.1, -3.2), (1.1, 0.1, -3.2), (1.1, 0.1, -3.3), (1.2, 0.0, -3.3), (1.5, 0.3, -3.5), (1.6, 0.1, -3.5), (1.6, 0.0, -3.5)]
---------------- 302 ----------------
[(1.3, 1.7, -3.3), (1.2, 1.7, -3.3), (1.2, 1.6, -3.3), (1.1, 1.6, -3.3), (1.0, 1.6, -3.3), (1.1, 1.5, -3.3), (1.3, 1.6, -3.3), (1.0, 1.6, -3.4), (1.3, 1.6, -3.4), (1.1, 1.5, -3.4), (1.1, 1.6, -3.4), (1.3, 1.7, -3.4), (1.2, 1.5, -3.4), (1.2, 1.7, -3.4), (1.2, 1.6, -3.4), (1.1, 1.7, -3.2), (1.3, 1.6, -3.2), (1.1, 1.6, -3.2), (1.4, 1.7, -3.3), (1.2, 1.6, -3.5)]
---------------- 308 ----------------
[(0.9, 1.1, -3.3), (0.8, 1.1, -3.3), (0.8, 1.2, -3.3), (0.8, 1.1, -3.2), (0.8, 1.0, -3.2), (0.7, 1.1, -3.2), (0.8, 0.9, -3.2), (0.7, 0.9, -3.2), (0.7, 1.0, -3.2), (0.7, 0.8, -3.2), (0.8, 0.8, -3.2), (0.8, 1.0, -3.3), (0.8, 0.8, -3.3), (0.7, 0.7, -3.3), (0.8, 0.7, -3.3), (0.7, 1.1, -3.3), (0.8, 0.9, -3.3), (0.7, 0.9, -3.3), (0.7, 0.8, -3.3)]
---------------- 309 ----------------
[(1.3, 0.7, -3.3), (1.3, 0.6, -3.3), (1.2, 0.6, -3.3), (1.3, 0.8, -3.3), (1.3, 0.9, -3.3), (1.2, 0.7, -3.3), (1.2, 0.9, -3.3), (1.2, 0.7, -3.4), (1.2, 0.9, -3.4), (1.3, 0.8, -3.4), (1.3, 0.7, -3.4), (1.3, 0.9, -3.4), (1.4, 0.8, -3.4), (1.2, 0.8, -3.4), (1.1, 0.8, -3.4), (1.2, 0.8, -3.5), (1.2, 0.9, -3.5), (1.3, 0.8, -3.5)]
